 x1:   0.00000000       1.00000000       0.00000000       1.00000000    
 x2:   0.00000000       0.00000000       1.00000000       1.00000000    
 outputs:   0.00000000       0.00000000       0.00000000       1.00000000    
 and_w1:  0.499999970    
 and_w2:  0.300000012    
 and_b: -0.500000000    
 and_results:   0.00000000       0.00000000       0.00000000       1.00000000    
 or_w1:  0.599999964    
 or_w2:  0.400000006    
 or_b: -0.300000012    
 or_results:   0.00000000       1.00000000       1.00000000       1.00000000    
 nand_w1: -0.100000016    
 nand_w2: -0.199999988    
 nand_b:  0.299999982    
 nand_results:   1.00000000       1.00000000       1.00000000       0.00000000    
