 x1:   0.00000000       1.00000000       0.00000000       1.00000000    
 x2:   0.00000000       0.00000000       1.00000000       1.00000000    
 outputs:  -1.00000000      -1.00000000      -1.00000000       1.00000000    
 and_w1:  0.400000036    
 and_w2:  0.300000012    
 and_b: -0.600000024    
 and_results:  -1.00000000      -1.00000000      -1.00000000       1.00000000    
 or_w1:  0.600000024    
 or_w2:  0.500000000    
 or_b: -0.200000033    
 or_results:  -1.00000000       1.00000000       1.00000000       1.00000000    
 nand_w1: -0.199999973    
 nand_w2: -0.500000000    
 nand_b:  0.599999964    
 nand_results:   1.00000000       1.00000000       1.00000000      -1.00000000    
